,F01B,F01C,F01D,F01K,F01L,F01M,F01N,F01P,F02B,F02C,F02D,F02F,F02G,F02K,F02M,F02N,F02P,F03B,F03C,F03D,	
F03G,F04B,F04C,F04D,F04F,H01B,H02B,H03B,H03C,H03D,H03F,H03G,H03H,H03J,H03L,H03K,H03M,H04H,H05B,H05C,H05F,H05G,H05H,H05K,F15B,F15C,F15D,F16N,F17B,F17C,F17D,F21K,F21S,F22B,F22D,F22G,F23B,F23C,F23L,F23M,F23Q,F24B,F24D,F24S,F24T,F24V,F25B,F25D,F25J,F26B,F41A,F41B,F41C,F41F,F41H,F41G,F41J,F41H,F42B,F42C,F42D
F01B,0.00000001!,0.038522267,0.007646258,0.046881141,0.051899456,0.016801692,0.012136088,0.020913506,0.069440732,0.018491493,0.019349411,0.045592796,0.092665979,0.00453617,0.019449005,0.007958894,0.022231177,0.012502343,0.0700528,0.009654783,0.031419206,0.033566282,0.008432083,0.00435252,0.004603619,0.000267969,0.000372542,0.000114598,6.08273E-05,2.64606E-05,8.58557E-05,8.82535E-05,0.000149139,2.93152E-05,0.000215176,0.000286773,0.000134177,4.25022E-05,0.000358029,4.39059E-05,6.31812E-05,0.000136786,0.00078011,0.000380491,0.022811224,0.000574339,0.002219495,0.005091704,0.000271076,0.018469626,0.006850008,8.52957E-05,0.00016541,0.01646209,0.002112959,0.001705093,0.003559061,0.010158816,0.004759181,0.011267759,0.010575092,0.00031356,0.002864096,0.003352161,0.005202947,0.001602229,0.007126924,0.001716203,0.005514582,0.00039131,0.000244816,0.000216624,0.000123272,0.000203424,0.000389251,0.000112231,8.81394E-05,0.000389251,0.000511228,0.000207709,0.000350263
F01C,0.038522267,0.00000001!,0.011785981,0.027793751,0.013948042,0.015110132,0.005348956,0.008517705,0.036874794,0.014513796,0.006705766,0.011848341,0.040048933,0.007467778,0.009593112,0.003849766,0.005700235,0.009376606,0.054274084,0.004932289,0.013657677,0.029716831,0.177300096,0.014311808,0.00459415,0.000329124,0.000517165,1.59859E-05,2.3218E-05,4.16858E-05,4.33777E-05,5.58603E-05,0.000180206,2.25734E-05,7.84639E-05,0.000223216,5.59691E-05,3.12913E-05,0.000319338,3.03361E-05,0.000143421,0.000111004,0.000367803,0.001008291,0.01144736,0.000330478,0.006137522,0.010385331,6.1862E-05,0.004552997,0.004674013,5.30212E-05,0.000162931,0.006662877,0.001499625,0.000537374,0.000192391,0.005191751,0.001311895,0.003075886,0.000760225,0.000110422,0.002279435,0.00135989,0.002472727,0.000667728,0.014098324,0.002643785,0.00267297,0.000344148,0.000288887,0.000266236,0.000203912,0.000100789,0.00043697,9.4267E-05,4.52212E-05,0.00043697,0.000520055,0.000136702,0.000338288
F01D,0.007646258,0.011785981,0.00000001!,0.076535475,0.007229952,0.031486345,0.027172358,0.010414514,0.013535046,0.005241865,0.007490952,1.148832406,0.008479516,0.449810401,0.017196387,0.001119445,0.042873687,0.019540357,0.062470617,0.00273452,0.014992037,0.006042074,0.011974833,0.011100212,0.169450167,0.003921211,0.002457994,0.000249875,0.000842317,0.000100164,0.000519258,0.0001955,0.001485916,8.4089E-05,0.000631994,0.001390545,0.000555811,0.000265062,0.005719245,1.86354E-05,0.000358144,0.000424537,0.003580107,0.005355635,0.010502614,0.000619971,0.009182627,0.017440991,6.07491E-05,0.007092224,0.008247727,0.000605086,0.001276264,0.026421271,0.004677809,0.003736408,0.001405737,0.0150383,0.011931686,0.016500461,0.001289556,0.000432133,0.00673675,0.007345791,0.002875623,0.000817005,0.014956019,0.003245345,0.010622894,0.002408655,0.000889281,0.000395174,0.000466014,0.000361628,0.003686409,0.000877845,0.000190407,0.003686409,0.004071004,0.000834762,0.000502653
F01K,0.046881141,0.027793751,0.076535475,0.00000001!,0.009489071,0.00805833,0.035641031,0.018415328,0.038595118,0.113831389,0.013111244,0.006807824,0.158686249,0.022255993,0.020175312,0.012676716,0.004048583,0.017438852,0.005115247,0.016223228,0.083219438,0.013566127,0.01002893,0.013872816,0.007007436,0.001431861,0.000892204,8.02191E-05,4.42582E-05,5.50267E-05,0.000300702,0.000122582,0.000307792,8.69464E-05,0.00212404,0.000340009,0.000162745,0.000111459,0.002295254,3.46741E-05,0.000150274,0.000470092,0.003110775,0.001648319,0.009813976,0.000295,0.002066483,0.003262589,0.000192881,0.02520214,0.013832503,0.000279172,0.000618707,0.230830466,0.05082903,0.047317108,0.008075143,0.052800948,0.057192695,0.016652409,0.002597181,0.001604929,0.027971755,0.030420402,0.024841371,0.012649672,0.034040957,0.006056559,0.056198991,0.006149435,0.00030676,0.0002838,0.000155568,0.000170831,0.001052766,0.000271705,0.000101545,0.001052766,0.001174761,0.000320807,0.0005419
F01L,0.051899456,0.013948042,0.007229952,0.009489071,0.00000001!,0.0536727,0.021153226,0.023143267,0.086624874,0.010014447,0.085409926,0.092050209,0.014574784,0.002831753,0.052236596,0.030771687,0.058137822,0.001231918,0.003048552,0.00178139,0.003465452,0.012359859,0.005510286,0.003926064,0.001717766,0.000353115,0.000318096,0.000101484,4.33457E-05,4.04744E-05,6.68876E-05,6.91754E-05,0.0001643,5.67867E-05,0.000147393,0.000503621,0.000215626,8.44386E-05,0.000531329,1.69179E-05,0.000588998,0.000124705,0.000777518,0.000426243,0.012265048,0.000400449,0.0045327,0.007300535,1.71007E-05,0.003987669,0.001809716,0.00010169,9.92175E-05,0.003221891,0.000619401,0.000584251,7.38193E-05,0.004407265,0.000817595,0.004615784,0.004327554,7.00025E-05,0.000732268,0.000818964,0.000473828,0.000368737,0.001455117,0.000435822,0.000935016,0.000361419,0.000293158,0.000181849,0.000141186,4.55692E-05,0.000297761,0.000111376,2.84204E-05,0.000297761,0.000334661,8.56702E-05,0.000108906
F01M,0.016801692,0.015110132,0.020160232,0.00805833,0.0536727,0.00000001!,0.021272365,0.077457978,0.059863786,0.022641029,0.03571472,0.085552672,0.014783374,0.010840733,0.058733893,0.024829445,0.014039072,0.001945895,0.001997511,0.004488787,0.002481808,0.016875815,0.016499383,0.012590379,0.007642832,0.000433254,0.000512381,8.04283E-05,1.48014E-05,4.13982E-05,7.37105E-05,9.65014E-05,0.000177765,0.000101775,4.39723E-05,0.000245516,0.000230824,0.00017731,0.001493464,1.74049E-05,0.000180957,0.000114596,0.000376555,0.00099307,0.011962903,0.000609033,0.006298798,0.174505205,1.75985E-05,0.003077745,0.003806521,0.00015399,0.000375982,0.001988282,0.000805989,0.000194411,0.000302805,0.001542541,0.001096295,0.000984648,0.000538824,0.000415926,0.004450551,0.000798975,0.000607303,0.000915332,0.005830167,0.002282734,0.000979604,0.000527221,0.000259368,0.000160819,0.000107984,1.55802E-05,0.000448961,0.000124816,7.27675E-05,0.000448961,0.000365612,2.9244E-05,9.74849E-05
F01N,0.012136088,0.005348956,0.027172358,0.035641031,0.021153226,0.021272365,0.00000001!,0.05891387,0.138710738,0.03698612,0.164651068,0.025689192,0.045627812,0.013127447,0.128489739,0.033782199,0.036846242,0.001811289,0.000578324,0.003479474,0.00634481,0.014149851,0.00644579,0.013610499,0.004054337,0.00475909,0.000849621,0.000163532,4.7024E-05,3.42779E-05,0.000478978,0.000513017,0.000449924,8.75442E-05,0.000550775,0.001070781,0.000405112,0.000416181,0.007021157,6.24867E-06,0.000806428,0.000248558,0.003468546,0.003793825,0.006081019,0.001546952,0.006234119,0.004124288,6.27345E-06,0.00783678,0.004745611,0.001002116,0.00116796,0.014218844,0.002138292,0.001893615,0.002251179,0.015992853,0.012840095,0.00880665,0.003682095,0.000935834,0.006055109,0.004317934,0.002852573,0.003651672,0.012045372,0.004018323,0.008941978,0.001826055,0.001343499,0.000491103,0.000603062,7.19679E-05,0.004419847,0.000540611,0.000116781,0.004419847,0.001230386,0.000140412,0.000298345
F01P,0.020913506,0.008517705,0.011505603,0.018415328,0.023143267,0.077457978,0.05891387,0.00000001!,0.099888428,0.016181828,0.051722666,0.092053874,0.042517504,0.005719844,0.062681246,0.045839171,0.030582133,0.001966927,0.002080992,0.002931228,0.006018391,0.011993195,0.006070451,0.030699146,0.005552287,0.000822261,0.000912669,0.000116939,4.02161E-05,3.77325E-05,0.00014133,0.000115681,0.000221863,9.23251E-05,0.000223688,0.000640901,0.000333424,0.000194592,0.001972402,1.55051E-05,0.000955788,0.000866034,0.000858716,0.003327218,0.010147233,0.000442439,0.004708074,0.015240414,3.1318E-05,0.004248584,0.002569816,0.000823588,0.000950434,0.004676455,0.001245051,0.001034277,0.000218887,0.004711518,0.002436577,0.005083385,0.004745807,0.000351709,0.008455903,0.002340777,0.001442803,0.003383443,0.015486656,0.005938506,0.002128349,0.000657056,0.000251941,0.000113789,8.85073E-05,5.61656E-05,0.000887373,0.000294316,0.000105616,0.000887373,0.00057443,0.000145865,0.000114152
F02B,0.069440732,0.036874794,0.069178615,0.038595118,0.086624874,0.059863786,0.138710738,0.099888428,0.00000001!,0.075751481,0.296330679,0.121903783,0.046964301,0.013931445,0.295969727,0.061248722,0.087728424,0.005076892,0.003600553,0.008165557,0.011535235,0.024741647,0.019102956,0.045852213,0.00625147,0.001518134,0.002248356,0.000107558,3.60108E-05,2.50878E-05,0.0003351,0.000220154,0.000450248,7.15739E-05,0.000499345,0.001386433,0.000391237,0.000218603,0.002149979,1.62789E-05,0.00065311,0.00016072,0.00301245,0.003142787,0.015630586,0.000490722,0.005050939,0.010563397,4.90079E-05,0.012584728,0.004947884,0.000778772,0.001042841,0.015146971,0.001303938,0.00108408,0.001340887,0.015537393,0.010236662,0.007613463,0.004811945,0.000325715,0.005051576,0.004330282,0.002507559,0.002402222,0.013444991,0.003690925,0.007950517,0.001590373,0.000728364,0.000101128,0.000590608,5.75913E-05,0.000946399,0.000223367,8.69454E-05,0.000946399,0.000882459,0.000133211,0.000256856
F02C,0.018491493,0.014513796,0.519572153,0.113831389,0.010014447,0.022641029,0.03698612,0.016181828,0.075751481,0.00000001!,0.03002683,0.008332658,0.033109943,0.225548131,0.04412294,0.015102525,0.011010914,0.013682757,0.001725494,0.023999544,0.024920795,0.018343178,0.010155906,0.118232988,0.006317956,0.003389617,0.002944114,0.000250282,5.61153E-05,7.86515E-05,0.000324858,0.000198291,0.001018654,5.56882E-05,0.001339773,0.001039114,0.000436841,0.000302015,0.003521972,4.65791E-05,0.000566048,0.000338631,0.004535799,0.004022645,0.014191177,0.000677714,0.008934758,0.018454635,7.35088E-05,0.017010918,0.008468341,0.000365627,0.000839799,0.042107806,0.005781832,0.005077303,0.003070436,0.047457173,0.03110855,0.031362653,0.007331897,0.000634178,0.008889782,0.009461515,0.003660471,0.001411342,0.017840236,0.003915947,0.02122096,0.002995736,0.001241705,0.000403316,0.000494237,0.0006185,0.003082055,0.00078026,0.000160982,0.003082055,0.004437518,0.00048424,0.000577616
F02D,0.019349411,0.006705766,0.019689165,0.013111244,0.085409926,0.03571472,0.164651068,0.051722666,0.296330679,0.03002683,0.00000001!,0.036260062,0.015803336,0.007375101,0.346707848,0.137747318,0.140703854,0.001955537,0.001231788,0.003560859,0.00315957,0.018142431,0.007487674,0.014098148,0.003306612,0.001391067,0.001215244,0.000427145,9.1127E-05,8.91329E-05,0.000776363,0.000606086,0.000861905,0.000163138,0.000629393,0.003691008,0.001446528,0.001057176,0.004038445,3.82059E-05,0.000256672,0.000177933,0.002051731,0.002996096,0.014647972,0.000197468,0.001376521,0.007670186,1.916E-05,0.012762529,0.004118943,0.000771027,0.001433226,0.005944125,0.000392787,0.000515271,0.000413109,0.00816298,0.005715853,0.003381321,0.004882055,0.000261713,0.002478618,0.001252987,0.00050074,0.000539033,0.00716624,0.002726022,0.006049065,0.000678393,0.000367308,0.000193363,0.000140277,9.71795E-05,0.000962837,0.000345924,6.79831E-05,0.000962837,0.000930879,0.000140728,0.000192235
F02F,0.045592796,0.011848341,0.007194713,0.006807824,0.092050209,0.085552672,0.025689192,0.092053874,0.121903783,0.008332658,0.036260062,0.00000001!,0.019035033,0.002220052,0.052015802,0.009855084,0.037383069,0.000999515,0.002030172,0.001102232,0.002031607,0.008132008,0.00416773,0.005136126,0.001130183,0.000813912,0.00018911,3.63491E-05,3.17209E-05,5.88616E-05,6.31736E-05,4.56659E-05,9.13059E-05,4.66723E-05,2.74718E-05,0.000131882,4.61849E-05,6.76585E-05,0.000474046,3.77758E-05,0.000647784,0.0001486,0.002803276,0.000704509,0.004168812,0.000373167,0.005330349,0.01176677,1.91153E-05,0.002771758,0.001108969,0.000134633,0.000199227,0.001609136,0.000316277,0.000419639,9.74532E-05,0.003720868,0.000956673,0.002060419,0.003351053,0.000199243,0.00089748,0.000670822,0.000472482,0.000288439,0.002199539,0.000500486,0.00082505,0.000202131,0.000251019,0.000131005,0.00011416,5.02757E-05,0.000382226,9.56629E-05,6.23004E-05,0.000382226,0.000389616,3.13082E-05,0.000148608
F02G,0.092665979,0.040048933,0.018709618,0.158686249,0.014574784,0.014783374,0.045627812,0.042517504,0.046964301,0.033109943,0.015803336,0.019035033,0.00000001!,0.007883753,0.021864315,0.018260741,0.009929907,0.00919971,0.006273039,0.010003908,0.048700132,0.012223869,0.00718839,0.005314183,0.004211193,0.000314965,0.000672567,0.000169802,2.98205E-05,5.20264E-05,0.00011649,6.25211E-05,0.00023751,8.63061E-05,0.002079107,0.00015455,5.88232E-05,5.91771E-05,0.000781315,4.2684E-05,0.000154794,0.000179727,0.000773762,0.001002025,0.011598218,0.001159442,0.008448361,0.003787813,0.000131625,0.020689018,0.0071491,0.000169833,0.000288832,0.049915702,0.014981147,0.008697886,0.006668774,0.022633674,0.022801303,0.021673855,0.004385602,0.001655583,0.014485672,0.011137424,0.007634073,0.005422472,0.021842618,0.003309651,0.014113311,0.001663075,0.000256813,0.000192238,0.000182485,0.000331796,0.000452465,3.69542E-05,8.64827E-05,0.000452465,0.000692889,0.000291146,0.000238253
F02K,0.00453617,0.007467778,0.143898815,0.022255993,0.002831753,0.010840733,0.013127447,0.005719844,0.013931445,0.225548131,0.007375101,0.002220052,0.007883753,0.00000001!,0.009754801,0.011708578,0.00349282,0.007441718,0.000794201,0.010061606,0.006402625,0.004391839,0.002972927,0.057325035,0.006703862,0.001455197,0.00092758,0.000148229,8.13206E-05,7.53069E-05,0.000197839,0.000120464,0.000362773,3.18872E-05,0.00070699,0.000274114,0.000116316,0.000116257,0.001353012,3.89219E-05,0.000747757,0.000497135,0.004099468,0.001529373,0.005724251,0.001043115,0.01421256,0.011753638,1.97025E-05,0.007918017,0.00269786,0.000271819,0.0002784,0.013414809,0.000958231,0.001206186,0.002646345,0.022210993,0.015484007,0.022880619,0.003401148,0.000612861,0.001765355,0.001788512,0.001087921,0.000575444,0.004385257,0.00144873,0.013629522,0.00072082,0.005921372,0.002701903,0.001375123,0.005444236,0.006728814,0.002350061,0.000639243,0.006728814,0.020386902,0.006995737,0.004775065
F02M,0.019449005,0.009593112,0.024830225,0.020175312,0.052236596,0.058733893,0.128489739,0.062681246,0.295969727,0.04412294,0.346707848,0.052015802,0.021864315,0.009754801,0.00000001!,0.040486932,0.065450195,0.001649567,0.00120801,0.003480714,0.004298375,0.037557771,0.011646055,0.022299952,0.007394335,0.002032905,0.001470077,0.000289896,6.30367E-05,3.524E-05,0.000362603,0.000380081,0.000529349,0.000138834,0.001004714,0.001604199,0.000498356,0.000427231,0.003430245,4.71669E-06,0.001211643,0.000184528,0.003219563,0.003106707,0.010392439,0.000748621,0.006517658,0.012316847,1.89237E-05,0.023844867,0.006850975,0.000470213,0.00088003,0.009700951,0.000753945,0.000954168,0.000930815,0.015244696,0.010686147,0.007309686,0.00408357,0.000330074,0.004430173,0.002992335,0.002008005,0.002067781,0.010278228,0.003842571,0.00949246,0.001329351,0.000460396,0.000191221,0.000138739,5.94373E-05,0.000896231,0.000222587,8.95897E-05,0.000896231,0.001067137,0.000125619,0.000490812
F02N,0.007958894,0.003849766,0.009689393,0.012676716,0.030771687,0.024829445,0.033782199,0.045839171,0.061248722,0.015102525,0.137747318,0.009855084,0.018260741,0.011708578,0.040486932,0.00000001!,0.084683762,0.001378122,0.002137786,0.003174935,0.003361265,0.006476981,0.003002384,0.005167273,0.001494949,0.000653888,0.001344056,0.000302276,0.000105157,0.000153913,0.000692996,0.000531406,0.000674168,0.000162268,0.000772907,0.002168015,0.00060509,0.000973162,0.003171769,7.08378E-05,0.000290885,0.000206342,0.001105735,0.001506147,0.006959046,0.000100281,0.000332797,0.007435897,1.7908E-05,0.003209237,0.001555255,0.000459116,0.00082527,0.007992134,0.000440369,0.000411746,0.000491982,0.009246312,0.009750892,0.002042915,0.003078391,0.000174479,0.002367148,0.001010377,0.000647359,0.00147637,0.005171786,0.002129355,0.009808235,0.000384456,0.000378299,0.00022544,0.000182145,0.000110777,0.000897625,0.000309932,8.85897E-05,0.000897625,0.000905319,0.000207764,0.00021184
F02P,0.022231177,0.005700235,0.003467695,0.004048583,0.058137822,0.014039072,0.036846242,0.030582133,0.087728424,0.011010914,0.140703854,0.037383069,0.009929907,0.00349282,0.065450195,0.084683762,0.00000001!,0.000454621,0.000582446,0.000887216,0.001069659,0.00329272,0.001653302,0.001874787,0.001119896,0.001071694,0.00054486,0.00086797,0.000981373,0.000984737,0.00100657,0.00075227,0.001065339,0.000488281,0.000836214,0.003130378,0.000662494,0.001473229,0.001917598,7.15001E-05,0.000334573,0.000507953,0.012503113,0.001175148,0.001279757,0.000110319,0.00069477,0.002297402,2.41955E-05,0.003761976,0.001527078,0.000532158,0.000550945,0.001277204,0.000142526,0.000216282,0.003723468,0.012237266,0.003685323,0.011186367,0.043815501,0.000405567,0.000627799,0.000588481,0.000515873,0.000793121,0.001258223,0.000557774,0.001576032,0.000235342,0.001209778,0.001319079,0.001166689,0.001565687,0.001336956,0.000509747,0.000150339,0.001336956,0.001078053,0.000510909,0.000444231
F03B,0.012502343,0.009376606,0.028644032,0.017438852,0.001231918,0.001945895,0.001811289,0.001966927,0.005076892,0.013682757,0.001955537,0.000999515,0.00919971,0.007441718,0.001649567,0.001378122,0.000454621,0.00000001!,0.011479436,0.105344261,0.058692974,0.012697389,0.004804334,0.016503159,0.009956441,0.000739544,0.000738751,0.000298567,0.002788365,0.000121505,0.000269019,0.000232896,0.001390984,0.000160883,0.000205496,0.000745955,0.000125945,0.000199099,0.001051304,3.93414E-05,0.00043573,0.000180774,0.000409017,0.001220803,0.012058862,0.000664967,0.006455345,0.002672286,0.00085789,0.006319795,0.005965997,0.000290498,0.003085322,0.006782551,0.000742416,0.00065382,0.000286008,0.001339554,0.001293879,0.000579648,0.000187617,0.000174205,0.003771662,0.007173843,0.006176947,0.001181012,0.003446411,0.001725811,0.002928318,0.002090925,0.000338562,0.000579827,0.000143367,0.000539055,0.000868759,0.000380489,0.000112736,0.000868759,0.002653751,0.001151924,0.000445154
F03C,0.0700528,0.054274084,0.001351735,0.005115247,0.003048552,0.001997511,0.000578324,0.002080992,0.003600553,0.001725494,0.001231788,0.002030172,0.006273039,0.000794201,0.00120801,0.002137786,0.000582446,0.011479436,0.00000001!,0.00485512,0.009381022,0.026900182,0.016299866,0.001593781,0.004975301,0.000172997,0.000156086,2.49931E-05,4.87187E-05,7.86349E-05,1.72735E-05,2.98637E-05,4.92712E-05,4.59643E-05,5.99925E-05,2.40401E-05,2.87348E-05,1.8995E-05,5.43524E-05,9.59693E-05,0.000155465,3.17279E-05,8.92432E-05,0.000106708,0.017206143,0.000653452,0.000229894,0.002300391,0.000102166,0.001103581,0.001144701,1.55823E-05,5.51813E-05,0.001113955,0.000170648,0.000135962,0.000104987,0.000313309,0.000134924,0.000158692,0.00012734,4.39657E-05,0.000397714,0.000244741,0.000423415,0.000608791,0.001333161,0.000975466,0.000489102,0.000111357,7.00403E-05,2.95639E-05,5.50585E-05,0.000116638,4.82331E-05,2.4322E-05,4.61148E-05,4.82331E-05,0.000176728,0.000234203,0.001132274
F03D,0.009654783,0.004932289,0.041607046,0.016223228,0.00178139,0.004488787,0.003479474,0.002931228,0.008165557,0.023999544,0.003560859,0.001102232,0.010003908,0.010061606,0.003480714,0.003174935,0.000887216,0.105344261,0.00485512,0.00000001!,0.035149066,0.010549405,0.002796288,0.01702144,0.001911444,0.003054106,0.003845826,0.000409792,0.000242341,0.000176579,0.000572791,0.000289026,0.001493249,0.0002316,0.001208613,0.001967289,0.000534957,0.000602218,0.004214357,6.38663E-05,0.001617041,0.000359817,0.001367585,0.003315368,0.010658664,0.000309962,0.00978007,0.009045652,0.000275416,0.007480378,0.003625164,0.000968689,0.005149785,0.006768158,0.000377055,0.000615276,0.000152266,0.001547924,0.001664065,0.000893806,0.000162971,0.000385723,0.004591383,0.017495679,0.005928617,0.003781344,0.005092227,0.002370909,0.002314727,0.000801475,0.000640558,0.000474051,0.000287936,0.000826482,0.002985503,0.001028388,0.000281422,0.002985503,0.003725472,0.001255686,0.000621835
"	
F03G",0.03404424,0.014716104,0.019583616,0.079678461,0.003561118,0.002582166,0.006463886,0.006158472,0.011884504,0.025141956,0.003242395,0.002070435,0.048387817,0.006435524,0.004538393,0.003405374,0.001078321,0.057404895,0.010275114,0.034705563,0.00000001!,0.017409407,0.00696546,0.018805069,0.005156427,0.002390207,0.001248038,0.000757715,0.000288346,0.000133603,0.000724509,0.00120554,0.002008427,0.000282668,0.000498385,0.002922292,0.000542558,0.001866574,0.003664598,0.000133646,0.002276822,0.000218046,0.001481056,0.003360947,0.021815186,0.001177526,0.003686553,0.001833512,0.00025146,0.0148108,0.009611746,0.001078602,0.004581031,0.041430671,0.007588103,0.00904114,0.00062382,0.003635915,0.004702815,0.001840684,0.000627458,0.000742942,0.013745952,0.057565885,0.039642207,0.01124143,0.014570936,0.003230947,0.006737393,0.001530925,0.001559778,0.001324767,0.000678035,0.000507924,0.002374976,0.000843902,0.000487444,0.002374976,0.00436433,0.001883985,0.001775317
F04B,0.033566282,0.029716831,0.017050305,0.013566127,0.012359859,0.016875815,0.014149851,0.011993195,0.024741647,0.018343178,0.018142431,0.008132008,0.012223869,0.004391839,0.037557771,0.006476981,0.00329272,0.012697389,0.026900182,0.010549405,0.017717795,0.00000001!,0.094510353,0.079594305,0.030157873,0.00321188,0.00314006,0.00037561,0.000226132,0.000134501,0.000911617,0.000533498,0.001879209,0.000119042,0.000903063,0.004714602,0.005501407,0.00062578,0.013024678,1.85598E-05,0.000356746,0.000384869,0.003769718,0.011478884,0.060193629,0.010218495,0.004811954,0.016071053,0.000209491,0.018126289,0.025485219,0.001425508,0.00165307,0.008482063,0.000886198,0.000437103,0.000299072,0.001733178,0.001719537,0.001018046,0.000643673,0.000250287,0.012444985,0.003060346,0.001437052,0.001357761,0.046583564,0.017121132,0.007000132,0.002719819,0.000756222,0.000872055,0.000310836,0.000103505,0.001290216,0.000264128,0.000110257,0.001290216,0.001281519,0.000185528,0.000723126
F04C,0.008432083,0.177300096,0.010828599,0.01002893,0.005510286,0.016499383,0.00644579,0.006070451,0.019102956,0.010155906,0.007487674,0.00416773,0.00718839,0.002972927,0.011646055,0.003002384,0.001653302,0.004804334,0.016299866,0.002796288,0.005992094,0.094510353,0.00000001!,0.045205491,0.006772063,0.003883637,0.000921735,0.00029345,0.009164461,9.63223E-05,0.007828556,0.001192177,0.012219586,0.00011082,0.000864617,0.029988293,0.007302023,0.00107957,0.005513648,7.94171E-05,0.000181309,0.001449993,0.001722699,0.017808178,0.011254486,0.000777938,0.002191636,0.013205753,1.329E-05,0.006151073,0.005681181,0.00179039,0.000934712,0.007352761,0.00053757,0.000173787,0.000720881,0.002493699,0.000890367,0.000778708,0.002434668,8.56678E-05,0.01075192,0.00115029,0.000746667,0.001762486,0.037596365,0.011685951,0.002375049,0.002364262,0.001322865,0.000384183,0.000276939,9.50426E-05,0.001106397,0.000374276,0.000197134,0.001106397,0.001008607,0.000129614,0.000223681
F04D,0.057216184,0.154057772,0.699252502,0.082210793,0.020804018,0.073978303,0.035689321,0.191045035,0.120647472,0.499305593,0.031420542,0.030265558,0.069380619,0.725363333,0.05032465,0.028786243,0.013109544,0.113907026,0.044372776,0.059177852,0.114796161,0.205780347,0.137665992,0.00000001!,0.691083184,0.007038678,0.017802943,0.002008224,0.003183646,0.002315365,0.00193715,0.002423638,0.003413242,0.002047316,0.004125427,0.004893941,0.002807231,0.002607061,0.014987852,0.002107482,0.022474087,0.004916594,0.008731809,0.020487711,0.027150134,0.042137718,0.136439268,0.083608079,0.0063593,0.024644767,0.055840083,0.00911694,0.01218529,0.034463714,0.02646854,0.01581225,0.013948498,0.024584488,0.047392638,0.077785467,0.009341366,0.01379161,0.081769653,0.014832963,0.034780819,0.024748544,0.075591039,0.043217376,0.099342008,0.012798754,0.003564176,0.004746141,0.003002134,0.005621267,0.009644593,0.004581334,0.002825074,0.009644593,0.01127386,0.005908769,0.010608248
F04F,0.004603619,0.00459415,0.008586843,0.007007436,0.001717766,0.007642832,0.004054337,0.005552287,0.00625147,0.006317956,0.003306612,0.001130183,0.004211193,0.006703862,0.007394335,0.001494949,0.001119896,0.009956441,0.004975301,0.001911444,0.004689449,0.030157873,0.006772063,0.02312273,0.00000001!,0.000170225,0.000320734,7.98116E-05,9.79272E-05,5.62635E-05,0.000111223,0.000116777,0.000159262,3.13785E-05,0.001449578,0.000156036,8.14783E-05,6.93289E-05,0.000880038,4.87021E-05,0.000374226,0.000264353,0.000712002,0.001082182,0.006248244,0.003878583,0.012681159,0.002645792,0.000201056,0.005769966,0.007762024,0.001071129,0.000626138,0.005031148,0.001593568,0.003774197,0.00072103,0.002511736,0.002749185,0.001333977,0.000743428,0.000365453,0.002086359,0.000887358,0.002075909,0.001548514,0.006015975,0.002276554,0.003619271,0.001328384,0.000208324,0.000432782,0.000107684,0.000256881,0.000359787,0.000156207,0.00018875,0.000359787,0.001065852,0.000317945,0.001408046
H01B,0.000267969,0.000329124,0.003921211,0.001431861,0.000353115,0.000433254,0.00475909,0.000822261,0.001518134,0.003389617,0.001391067,0.000813912,0.000314965,0.001455197,0.002032905,0.000653888,0.001071694,0.000739544,0.000172997,0.003054106,0.002384103,0.00321188,0.003883637,0.00356854,0.000170225,0.00000001!,0.011566418,0.001383657,0.000855014,0.001154743,0.002720966,0.000934146,0.017811328,0.000896691,0.001019616,0.009566231,0.002238779,0.001415289,0.019883893,0.000587232,0.00279107,0.000787563,0.003344253,0.055288559,0.000807465,0.00020345,0.000597695,0.000453554,1.19195E-05,0.002893526,0.002390476,0.008640846,0.008025649,0.002511892,5.78124E-05,0.000109135,0.00010732,0.000559613,0.000365896,0.00048715,0.000399612,8.6922E-05,0.001455843,0.002896923,0.000518147,0.000205232,0.003040639,0.003069405,0.000550398,0.002295245,0.001169869,0.000297568,0.000997555,0.000208537,0.004586121,0.000452673,0.00029229,0.004586121,0.001690497,0.000658002,0.000683376
H02B,0.000372542,0.000517165,0.002457994,0.000892204,0.000318096,0.000512381,0.000849621,0.000912669,0.002248356,0.002944114,0.001215244,0.00018911,0.000672567,0.00092758,0.001470077,0.001344056,0.00054486,0.000738751,0.000156086,0.003845826,0.001240846,0.00314006,0.000921735,0.004365638,0.000320734,0.011566418,0.00000001!,0.000359231,0.000261165,0.000185916,0.003079685,0.004292596,0.002617106,0.000397422,0.000413088,0.002625334,0.000616002,0.003659642,0.004568803,0.00042804,0.002392371,0.000233263,0.000461987,0.022359299,0.001011185,4.69489E-05,0.000112815,0.001197048,3.69458E-05,0.002237303,0.00129587,0.002035575,0.004039721,0.000529569,8.99018E-05,5.80585E-05,6.63291E-05,0.000201217,0.000212103,0.000248494,0.000221195,0.000542201,0.001433665,0.002466596,0.000620746,0.000159392,0.003590677,0.004532279,0.000240128,0.001235509,0.000475033,0.000304243,0.000501686,0.000214619,0.001885545,0.000382402,0.000193409,0.001885545,0.000668319,0.000388337,0.00117739
H03B,0.000114598,1.59859E-05,0.000249875,8.02191E-05,0.000101484,8.04283E-05,0.000163532,0.000116939,0.000107558,0.000250282,0.000427145,3.63491E-05,0.000169802,0.000148229,0.000289896,0.000302276,0.00086797,0.000298567,2.49931E-05,0.000409792,0.000757437,0.00037561,0.00029345,0.000231,7.98116E-05,0.001383657,0.000359231,0.00000001!,0.051183671,0.054581814,0.039776073,0.023704351,0.078922312,0.074128867,0.228593096,0.037429279,0.018908744,0.002190624,0.002532913,3.11265E-05,0.000659244,0.00182905,0.004320267,0.003925717,0.000182022,0.000564048,6.27458E-05,0.000285071,3.17511E-05,0.000647963,0.00040286,0.000567075,0.000803631,0.00013596,5.09048E-05,2.74582E-05,4.90713E-05,0.000258706,5.10473E-05,0.000106585,0.000176772,6.74946E-05,0.000173133,0.000297702,9.85003E-05,0.000104863,0.000446692,0.000387355,3.67323E-05,0.00013567,0.000279255,0.000180135,0.000258594,0.00010296,0.001062902,0.000765209,0.000345909,0.001062902,0.000424316,0.00023231,0.000344382
H03C,6.08273E-05,2.3218E-05,0.000842317,4.42582E-05,4.33457E-05,1.48014E-05,4.7024E-05,4.02161E-05,3.60108E-05,5.61153E-05,9.1127E-05,3.17209E-05,2.98205E-05,8.13206E-05,6.30367E-05,0.000105157,0.000981373,0.002788365,4.87187E-05,0.000242341,0.000288194,0.000226132,0.009164461,0.000150024,9.79272E-05,0.000855014,0.000261165,0.051183671,0.00000001!,0.09612069,0.038150742,0.034381033,0.035662143,0.043172964,0.037522428,0.015061298,0.01919621,0.002242215,0.001027564,7.91014E-05,0.000371937,0.000504331,0.001168764,0.002539741,8.5794E-05,0.000187418,0.000777687,4.23738E-05,8.32639E-05,6.29691E-05,0.000250079,0.000199196,0.000610216,0.000101765,5.04898E-05,5.90528E-05,4.70057E-05,3.9901E-05,5.09087E-05,7.29076E-05,0.000116365,0.000120178,9.96932E-05,0.000170379,4.73261E-05,5.35733E-05,0.000208317,0.00023307,2.86E-05,5.47055E-05,0.000252908,0.000138739,0.000181644,0.000154903,0.000201863,0.000739457,0.000167357,0.000201863,0.000370925,0.000212125,0.000296395
H03D,2.64606E-05,4.16858E-05,0.000100164,5.50267E-05,4.04744E-05,4.13982E-05,3.42779E-05,3.77325E-05,2.50878E-05,7.86515E-05,8.91329E-05,5.88616E-05,5.20264E-05,7.53069E-05,3.524E-05,0.000153913,0.000984737,0.000121505,7.86349E-05,0.000176579,0.000133559,0.000134501,9.63223E-05,0.000151046,5.62635E-05,0.001154743,0.000185916,0.054581814,0.09612069,0.00000001!,0.039795183,0.033520036,0.029080791,0.047864674,0.051805338,0.013558272,0.012812746,0.006313893,0.000846998,5.69736E-05,0.000227075,0.000181169,0.000592289,0.000959861,9.67011E-05,0.0004784,6.01703E-05,0.00013436,5.91017E-05,8.30269E-05,0.000277414,0.000280627,0.000571821,2.71348E-05,4.04596E-05,4.57792E-05,3.81913E-05,0.000109039,2.26255E-05,3.09176E-05,3.25786E-05,6.69456E-05,9.45507E-05,5.37814E-05,7.68108E-05,4.2416E-05,0.000171185,0.000130263,5.01593E-05,6.77384E-05,0.00015569,9.76777E-05,0.000138093,4.11845E-05,0.000245303,0.000352587,0.000555806,0.000245303,0.000186595,7.02075E-05,9.40115E-05
H03F,8.58557E-05,4.33777E-05,0.000519258,0.000300702,6.68876E-05,7.37105E-05,0.000478978,0.00014133,0.0003351,0.000324858,0.000776363,6.31736E-05,0.00011649,0.000197839,0.000362603,0.000692996,0.00100657,0.000269019,1.72735E-05,0.000572791,0.00072369,0.000911617,0.007828556,0.000594462,0.000111223,0.002720966,0.003079685,0.039776073,0.038150742,0.039795183,0.00000001!,0.207469736,0.120986242,0.028621081,0.047994819,0.079750007,0.05838074,0.010236074,0.008352589,2.7804E-05,0.000437082,0.001025338,0.005542598,0.010671679,0.000229742,0.000143832,0.000202359,0.000112335,1.86449E-05,0.000487095,0.000296432,0.001438791,0.001353238,0.001130185,1.73816E-05,4.45688E-05,0.000154506,0.00045437,4.45971E-05,8.15155E-05,0.001250569,0.000149759,0.000339753,0.000983773,5.15553E-05,0.000351346,0.000888828,0.000998386,1.53583E-05,0.000242018,0.000343055,0.000144739,0.000164465,6.97977E-05,0.000595626,0.001033887,0.000293873,0.000595626,0.000496239,0.000202032,0.000204554
H03G,8.82535E-05,5.58603E-05,0.0001955,0.000122582,6.91754E-05,9.65014E-05,0.000513017,0.000115681,0.000220154,0.000198291,0.000606086,4.56659E-05,6.25211E-05,0.000120464,0.000380081,0.000531406,0.00075227,0.000232896,2.98637E-05,0.000289026,0.001205385,0.000533498,0.001192177,0.000470733,0.000116777,0.000934146,0.004292596,0.023704351,0.034381033,0.033520036,0.207469736,0.00000001!,0.055441144,0.030507555,0.030666323,0.026898141,0.035210591,0.044481066,0.006094867,5.07743E-05,0.000220777,0.000237053,0.001931288,0.005600821,0.000252353,0.000352474,0.000120382,0.000363318,3.42144E-05,0.000333924,0.000310174,0.000809107,0.000861252,0.000104146,3.01882E-05,1.57776E-05,1.47665E-05,0.000248635,4.66587E-05,4.0608E-05,5.53817E-05,2.80065E-05,0.00036592,0.000171042,1.47979E-05,4.60766E-05,0.000547637,0.000863284,2.4567E-05,9.74854E-05,0.000624675,0.000303229,0.000317856,0.000121573,0.000804011,0.000982033,0.00041253,0.000804011,0.000489354,0.000242878,0.000177044
H03H,0.000149139,0.000180206,0.001485916,0.000307792,0.0001643,0.000177765,0.000449924,0.000221863,0.000450248,0.001018654,0.000861905,9.13059E-05,0.00023751,0.000362773,0.000529349,0.000674168,0.001065339,0.001390984,4.92712E-05,0.001493249,0.002004917,0.001879209,0.012219586,0.001085178,0.000159262,0.017811328,0.002617106,0.078922312,0.035662143,0.029080791,0.120986242,0.055441144,0.00000001!,0.036709436,0.046553607,0.057165686,0.043700429,0.007610165,0.007388985,6.14634E-05,0.001937699,0.001307102,0.011805476,0.028358702,0.000535503,0.00034132,0.000749625,0.000269574,8.82854E-06,0.000371111,0.000882064,0.002431582,0.001707856,0.000258868,2.47809E-05,3.38447E-05,8.16107E-06,0.000211468,6.40428E-05,0.00013213,0.00012597,3.16907E-05,0.000360471,0.001005568,4.9028E-05,9.17393E-05,0.00120264,0.001351823,1.46819E-05,0.000493439,0.000536069,0.000174851,0.00030775,6.63262E-05,0.001507383,0.001004795,0.000463807,0.001507383,0.000952771,0.000320616,0.001164354
H03J,2.93152E-05,2.25734E-05,8.4089E-05,8.69464E-05,5.67867E-05,0.000101775,8.75442E-05,9.23251E-05,7.15739E-05,5.56882E-05,0.000163138,4.66723E-05,8.63061E-05,3.18872E-05,0.000138834,0.000162268,0.000488281,0.000160883,4.59643E-05,0.0002316,0.000282628,0.000119042,0.00011082,0.000106072,3.13785E-05,0.000896691,0.000397422,0.074128867,0.043172964,0.047864674,0.028621081,0.030507555,0.036709436,0.00000001!,0.064903265,0.011374839,0.009813216,0.015598775,0.00141077,0.000216325,0.00043985,0.000543883,0.006099307,0.001590704,2.83455E-05,0.000290141,6.76613E-05,0.000185893,7.55287E-05,8.68163E-05,0.000261399,0.000440425,0.000829559,4.28425E-05,4.75376E-05,0.00011012,4.44365E-05,3.89454E-05,2.46804E-05,6.97788E-05,3.70165E-05,0.000152724,0.00020768,0.000179238,4.47227E-05,5.02614E-05,0.000169441,0.000283509,2.76281E-05,6.96681E-05,0.000264297,0.000161,0.000276667,0.000242801,0.000213324,0.000539071,0.000238787,0.000213324,0.000280359,0.000120943,0.000283477
H03L,0.000215176,7.84639E-05,0.000631994,0.00212404,0.000147393,4.39723E-05,0.000550775,0.000223688,0.000499345,0.001339773,0.000629393,2.74718E-05,0.002079107,0.00070699,0.001004714,0.000772907,0.000836214,0.000205496,5.99925E-05,0.001208613,0.000497508,0.000903063,0.000864617,0.000795862,0.001449578,0.001019616,0.000413088,0.228593096,0.037522428,0.051805338,0.047994819,0.030666323,0.046553607,0.064903265,0.00000001!,0.085065765,0.039975137,0.006019336,0.002874484,3.40165E-05,0.000192154,0.00052623,0.004802613,0.003854861,0.000145165,0.000289706,0.000161152,0.000246485,1.71925E-05,0.002095246,0.000499717,0.00080477,0.000858765,0.001807213,0.000151646,0.000110975,0.000192864,0.001113783,0.002481681,0.002471698,6.95101E-05,4.21834E-05,0.000366703,0.000275811,0.000104054,4.62842E-05,0.000598868,0.000321518,0.00246519,0.000270064,0.000227602,3.64972E-05,0.00018896,6.10501E-05,0.000361988,0.000828241,0.000214182,0.000361988,0.000473354,0.000157788,0.000218788
H03K,0.000286773,0.000223216,0.001390545,0.000340009,0.000503621,0.000245516,0.001070781,0.000640901,0.001386433,0.001039114,0.003691008,0.000131882,0.00015455,0.000274114,0.001604199,0.002168015,0.003130378,0.000745955,2.40401E-05,0.001967289,0.002910347,0.004714602,0.029988293,0.002628076,0.000156036,0.009566231,0.002625334,0.037429279,0.015061298,0.013558272,0.079750007,0.026898141,0.057165686,0.011374839,0.085065765,0.00000001!,0.065137724,0.005199163,0.029689847,0.000158887,0.001589618,0.001727321,0.004581004,0.035220494,0.001703465,0.001122232,0.000331324,0.000258101,3.53762E-06,0.000884216,0.00214417,0.005765512,0.00738594,0.001652145,3.44289E-05,1.73857E-05,0.000140478,0.000352499,4.83987E-05,0.000120793,0.001271555,0.000108265,0.002928727,0.001128722,7.88341E-05,0.000332017,0.003819643,0.003810743,7.19921E-05,0.000982768,0.000849912,0.0005124,0.000456407,7.58634E-05,0.001391541,0.00123871,0.000516531,0.001391541,0.001244238,0.000721523,0.000723314
H03M,0.000134177,5.59691E-05,0.000555811,0.000162745,0.000215626,0.000230824,0.000405112,0.000333424,0.000391237,0.000436841,0.001446528,4.61849E-05,5.88232E-05,0.000116316,0.000498356,0.00060509,0.000662494,0.000125945,2.87348E-05,0.000534957,0.000537662,0.005501407,0.007302023,0.001138124,8.14783E-05,0.002238779,0.000616002,0.018908744,0.01919621,0.012812746,0.05838074,0.035210591,0.043700429,0.009813216,0.039975137,0.065137724,0.00000001!,0.031494107,0.004528068,5.418E-05,0.000148605,0.001006139,0.001349206,0.011511355,0.000733911,0.000295159,0.000456913,0.00021934,1.2085E-05,0.000296439,0.001602323,0.000885168,0.00125606,0.000270067,2.30831E-05,1.76039E-05,1.14443E-05,8.84178E-05,2.5938E-05,5.52782E-05,3.34706E-05,7.8463E-05,0.000706545,0.000265089,1.14538E-05,5.80939E-05,0.000958544,0.00125163,5.3069E-05,0.000174153,0.000305599,0.000147773,0.000119797,8.10035E-05,0.000537489,0.00066645,0.000225586,0.000537489,0.00044308,0.00015253,0.000166266
H04H,4.25022E-05,3.12913E-05,0.000265062,0.000111459,8.44386E-05,0.00017731,0.000416181,0.000194592,0.000218603,0.000302015,0.001057176,6.76585E-05,5.91771E-05,0.000116257,0.000427231,0.000973162,0.001473229,0.000199099,1.8995E-05,0.000602218,0.001867592,0.00062578,0.00107957,0.000743411,6.93289E-05,0.001415289,0.003659642,0.002190624,0.002242215,0.006313893,0.010236074,0.044481066,0.007610165,0.015598775,0.006019336,0.005199163,0.031494107,0.00000001!,0.006721705,0.000102679,0.000131747,6.75145E-05,0.000252992,0.007939296,0.000253844,0.000178671,0.000123815,0.000675307,1.0333E-05,0.001110996,0.00140609,0.001527798,0.002178347,0.000214982,2.86892E-05,2.94994E-05,9.43031E-06,9.63898E-05,4.83695E-05,6.23947E-05,9.04699E-05,9.11444E-05,0.001420666,0.000469092,2.83305E-05,1.93366E-05,0.001157799,0.001599837,3.34096E-05,0.000178686,0.003796645,0.003777833,0.002772387,0.004153676,0.004054246,0.00132271,0.000589601,0.004054246,0.00123599,0.000314001,0.000143187
H05B,0.000358029,0.000319338,0.005719245,0.002295254,0.000531329,0.001493464,0.007021157,0.001972402,0.002149979,0.003521972,0.004038445,0.000474046,0.000781315,0.001353012,0.003430245,0.003171769,0.001917598,0.001051304,5.43524E-05,0.004214357,0.003615766,0.013024678,0.005513648,0.009665873,0.000880038,0.019883893,0.004568803,0.002532913,0.001027564,0.000846998,0.008352589,0.006094867,0.007388985,0.00141077,0.002874484,0.029689847,0.004528068,0.006721705,0.00000001!,0.000159298,0.001141409,0.001530371,0.010817571,0.041097677,0.002433352,0.001981494,0.000927294,0.000714004,4.42977E-06,0.002927054,0.006243235,0.090995422,0.109284323,0.018585214,0.000392216,0.000524191,0.000858754,0.002075527,0.00074258,0.000755016,0.004418965,0.001548536,0.019424824,0.005014225,0.00048678,0.002119605,0.01125601,0.015278309,0.00036912,0.00816896,0.001857229,0.001254369,0.001544395,0.000185312,0.003297996,0.002058888,0.000765101,0.003297996,0.001871073,0.000304679,0.000536492
H05C,4.39059E-05,3.03361E-05,1.86354E-05,3.46741E-05,1.69179E-05,1.74049E-05,6.24867E-06,1.55051E-05,1.62789E-05,4.65791E-05,3.82059E-05,3.77758E-05,4.2684E-05,3.89219E-05,4.71669E-06,7.08378E-05,7.15001E-05,3.93414E-05,9.59693E-05,6.38663E-05,0.000133654,1.85598E-05,7.94171E-05,1.64437E-05,4.87021E-05,0.000587232,0.00042804,3.11265E-05,7.91014E-05,5.69736E-05,2.7804E-05,5.07743E-05,6.14634E-05,0.000216325,3.40165E-05,0.000158887,5.418E-05,0.000102679,0.000159298,0.00000001!,0.001405111,4.23119E-05,0.00023596,0.000165718,2.31157E-05,0.000169348,5.48697E-05,2.69578E-05,0.00052521,4.32888E-05,8.01651E-05,0.000240838,8.13627E-05,3.40774E-05,0.000103093,0.000146456,8.95415E-05,2.49875E-05,3.42677E-05,0.000115433,0.000255216,6.72902E-05,3.74144E-05,2.56545E-05,9.07112E-05,0.000116822,9.9406E-06,1.23769E-05,4.02269E-05,2.54539E-05,0.003332788,0.007631198,0.002295603,0.002276423,0.007948382,0.002449276,0.001161862,0.007948382,0.001570514,0.001190211,0.000236784
